SW 1000 1000
RG 0 0 0
RG 255 165 0
FR 18 34 24 12
RG 255 0 0
FR 68 10 8 12
FR 76 10 8 60
FR 60 58 40 12
RG 0 0 255
FR 110 10 40 12
FR 142 10 8 36
FR 110 34 40 12
FR 110 34 8 36
FR 110 58 40 12
RG 255 255 0
FR 160 10 40 12
FR 160 34 40 12
FR 160 58 40 12
FR 192 10 8 60
RG 0 255 0
FR 210 10 8 36
FR 210 34 40 12
FR 242 10 8 60
RG 0 255 255
FR 260 10 40 12
FR 260 34 40 12
FR 260 58 40 12
FR 260 10 8 36
FR 292 34 8 36
RG 169 169 169
FR 310 10 40 12
FR 310 10 8 60
FR 310 34 40 12
FR 310 58 40 12
FR 342 34 8 36
RG 120 120 120
FR 360 10 40 12
FR 392 10 8 60
RG 211 211 211
FR 410 10 40 12
FR 410 34 40 12
FR 410 58 40 12
FR 410 10 8 60
FR 442 10 8 60
RG 255 0 255
FR 460 10 40 12
FR 460 34 40 12
FR 460 10 8 36
FR 492 10 8 60
FR 460 58 40 12
